10119.6 0 5773.93
10742.2 0 5590.82
11084 0 5261.23
11157.2 0 4956.05
11096.2 0 4577.64
10949.7 0 4223.63
7971.19 0 1733.4
7580.57 0 1074.22
7495.12 0 732.422
7495.12 0 427.246
7580.57 0 -12.207
7666.02 0 -354.004
7800.29 0 -683.594
10607.9 0 -3784.18
10742.2 0 -4248.05
10815.4 0 -4675.29
10693.4 0 -5163.57
10534.7 0 -5688.48
10314.9 0 -6103.52
4650.88 0 -7287.6
5114.75 0 -7324.22
4296.88 0 -7336.43
4052.73 0 -7421.88
3930.66 0 -7580.57
7531.74 0 -7629.39
6262.21 0 -7727.05
3833.01 0 -7751.46
6652.83 0 -7788.09
7080.08 0 -7788.09
2246.09 0 -10119.6
1306.15 0 -10803.2
952.148 0 -10949.7
561.523 0 -11047.4
73.2422 0 -11157.2
-402.832 0 -11169.4
-7849.12 0 -8801.27
-8837.89 0 -8666.99
-9509.28 0 -8312.99
-10351.6 0 -7666.02
-10766.6 0 -7250.98
-11035.2 0 -6726.07
-11206.1 0 -6103.52
-11340.3 0 -5456.54
-11340.3 0 -4687.5
-11169.4 0 -3833.01
-10974.1 0 -3186.04
-10595.7 0 -2246.09
-10058.6 0 -1440.43
-9289.55 0 -524.902
-5078.12 0 3161.62
-4870.61 0 3393.55
-4748.54 0 3649.9
-4626.46 0 4113.77
-4516.6 0 4541.02
-4650.88 0 4833.98
-4846.19 0 5090.33
-5090.33 0 5273.44
-5310.06 0 5395.51
-5590.82 0 5578.61
-6555.18 0 6347.66
-7531.74 0 7031.25
-7751.46 0 7617.19
-7861.33 0 8129.88
-7763.67 0 8447.27
-7519.53 0 8886.72
-7165.53 0 9313.96
-6738.28 0 9777.83
-6542.97 0 9912.11
-6237.79 0 10083
-5993.65 0 10205.1
-4321.29 0 10314.9
-5603.03 0 10327.1
-4663.09 0 10388.2
-5114.75 0 10400.4
